2 1
1010 1
1 2
884 2
1010 2
4 3
5 3
6 3
7 3
3 4
5 4
6 4
7 4
3 5
4 5
6 5
7 5
3 6
4 6
5 6
7 6
3 7
4 7
5 7
6 7
9 8
10 8
11 8
12 8
8 9
8 10
11 10
12 10
1309 10
1310 10
1408 10
8 11
10 11
12 11
8 12
10 12
11 12
14 13
15 13
16 13
979 13
980 13
981 13
982 13
13 14
15 14
16 14
13 15
14 15
16 15
13 16
14 16
15 16
18 17
19 17
17 18
19 18
17 19
18 19
21 20
22 20
20 21
22 21
20 22
21 22
24 23
25 23
23 24
25 24
191 24
192 24
352 24
23 25
24 25
191 25
192 25
352 25
27 26
28 26
26 27
28 27
26 28
27 28
30 29
31 29
32 29
33 29
52 29
124 29
310 29
385 29
788 29
835 29
29 30
31 30
29 31
30 31
29 32
33 32
49 32
50 32
51 32
52 32
124 32
125 32
126 32
127 32
180 32
358 32
359 32
360 32
444 32
465 32
468 32
469 32
486 32
487 32
488 32
535 32
536 32
787 32
788 32
943 32
1100 32
1101 32
1135 32
1136 32
1197 32
1405 32
1426 32
1427 32
29 33
32 33
51 33
52 33
124 33
125 33
126 33
127 33
535 33
536 33
617 33
619 33
620 33
622 33
709 33
713 33
714 33
715 33
716 33
787 33
788 33
811 33
1051 33
1100 33
1101 33
1426 33
1427 33
35 34
36 34
37 34
38 34
39 34
34 35
36 35
37 35
38 35
39 35
34 36
35 36
37 36
38 36
39 36
34 37
35 37
36 37
38 37
39 37
34 38
35 38
36 38
37 38
39 38
34 39
35 39
36 39
37 39
38 39
41 40
40 41
43 42
44 42
42 43
44 43
578 43
579 43
580 43
581 43
42 44
43 44
76 44
181 44
182 44
183 44
184 44
409 44
568 44
1252 44
1253 44
1254 44
46 45
47 45
48 45
45 46
47 46
48 46
205 46
206 46
207 46
45 47
46 47
48 47
45 48
46 48
47 48
32 49
50 49
51 49
52 49
53 49
54 49
55 49
56 49
943 49
32 50
49 50
51 50
52 50
32 51
33 51
49 51
50 51
52 51
125 51
126 51
127 51
535 51
536 51
956 51
957 51
1212 51
1351 51
1352 51
1353 51
29 52
32 52
33 52
49 52
50 52
51 52
125 52
126 52
127 52
468 52
469 52
535 52
536 52
787 52
788 52
1100 52
1101 52
1135 52
1136 52
1405 52
1426 52
49 53
54 53
87 53
174 53
523 53
619 53
834 53
873 53
1346 53
49 54
53 54
174 54
523 54
619 54
834 54
873 54
1346 54
49 55
56 55
650 55
49 56
55 56
58 57
59 57
57 58
59 58
57 59
58 59
61 60
62 60
63 60
345 60
755 60
756 60
757 60
758 60
950 60
1000 60
1001 60
1002 60
1003 60
1436 60
1437 60
1438 60
1439 60
1440 60
1441 60
60 61
62 61
63 61
1436 61
1437 61
1438 61
1439 61
1440 61
1441 61
60 62
61 62
63 62
745 62
746 62
747 62
748 62
60 63
61 63
62 63
65 64
66 64
64 65
66 65
64 66
65 66
68 67
69 67
70 67
94 67
293 67
670 67
671 67
710 67
711 67
914 67
1008 67
1009 67
67 68
69 68
70 68
67 69
68 69
70 69
142 69
143 69
144 69
150 69
151 69
670 69
692 69
693 69
67 70
68 70
69 70
223 70
424 70
670 70
694 70
710 70
711 70
914 70
72 71
73 71
74 71
71 72
73 72
74 72
71 73
72 73
74 73
71 74
72 74
73 74
500 74
1270 74
1461 74
76 75
77 75
78 75
44 76
75 76
77 76
78 76
115 76
265 76
288 76
289 76
290 76
291 76
292 76
353 76
354 76
470 76
608 76
612 76
709 76
712 76
801 76
940 76
1043 76
1044 76
1045 76
1088 76
1104 76
1105 76
1106 76
75 77
76 77
78 77
75 78
76 78
77 78
80 79
81 79
79 80
81 80
537 80
1380 80
79 81
80 81
83 82
84 82
82 83
84 83
82 84
83 84
86 85
672 85
85 86
672 86
913 86
927 86
53 87
89 88
90 88
88 89
90 89
88 90
89 90
92 91
93 91
94 91
95 91
96 91
97 91
143 91
214 91
669 91
91 92
93 92
94 92
95 92
91 93
92 93
94 93
95 93
96 93
97 93
143 93
214 93
662 93
663 93
664 93
669 93
1091 93
1364 93
1365 93
67 94
91 94
92 94
93 94
95 94
96 94
97 94
293 94
669 94
670 94
671 94
91 95
92 95
93 95
94 95
91 96
93 96
94 96
97 96
669 96
91 97
93 97
94 97
96 97
99 98
100 98
98 99
100 99
98 100
99 100
102 101
103 101
101 102
103 102
805 102
101 103
102 103
105 104
104 105
107 106
106 107
109 108
108 109
1079 109
1080 109
111 110
110 111
874 111
875 111
876 111
877 111
113 112
420 112
422 112
112 113
115 114
76 115
114 115
524 115
525 115
526 115
717 115
718 115
962 115
1162 115
117 116
118 116
116 117
118 117
116 118
117 118
120 119
121 119
723 119
724 119
725 119
726 119
119 120
121 120
144 120
495 120
723 120
724 120
725 120
726 120
953 120
954 120
955 120
1345 120
119 121
120 121
953 121
954 121
955 121
123 122
122 123
29 124
32 124
33 124
193 124
32 125
33 125
51 125
52 125
126 125
127 125
535 125
536 125
1135 125
1136 125
32 126
33 126
51 126
52 126
125 126
127 126
535 126
536 126
32 127
33 127
51 127
52 127
125 127
126 127
535 127
536 127
129 128
128 129
205 129
212 129
558 129
559 129
560 129
686 129
131 130
130 131
133 132
134 132
135 132
136 132
137 132
138 132
139 132
140 132
141 132
132 133
134 133
135 133
136 133
137 133
138 133
139 133
140 133
141 133
132 134
133 134
135 134
136 134
137 134
138 134
139 134
140 134
141 134
132 135
133 135
134 135
136 135
137 135
138 135
139 135
140 135
141 135
132 136
133 136
134 136
135 136
137 136
138 136
139 136
140 136
141 136
132 137
133 137
134 137
135 137
136 137
138 137
139 137
140 137
141 137
132 138
133 138
134 138
135 138
136 138
137 138
139 138
140 138
141 138
132 139
133 139
134 139
135 139
136 139
137 139
138 139
140 139
141 139
132 140
133 140
134 140
135 140
136 140
137 140
138 140
139 140
141 140
132 141
133 141
134 141
135 141
136 141
137 141
138 141
139 141
140 141
69 142
143 142
144 142
145 142
69 143
91 143
93 143
142 143
144 143
214 143
265 143
284 143
480 143
494 143
495 143
1091 143
1092 143
1128 143
1234 143
69 144
120 144
142 144
143 144
214 144
284 144
313 144
314 144
494 144
495 144
901 144
902 144
1013 144
1345 144
142 145
495 145
147 146
148 146
149 146
146 147
148 147
149 147
146 148
147 148
149 148
146 149
147 149
148 149
69 150
151 150
69 151
150 151
153 152
152 153
155 154
284 154
299 154
605 154
606 154
154 155
157 156
156 157
159 158
389 158
158 159
161 160
162 160
160 161
162 161
160 162
161 162
859 162
164 163
165 163
163 164
165 164
163 165
164 165
167 166
168 166
166 167
168 167
166 168
167 168
866 168
170 169
171 169
169 170
171 170
169 171
170 171
173 172
172 173
53 174
54 174
175 174
176 174
174 175
176 175
174 176
175 176
1079 176
1298 176
1299 176
1300 176
178 177
179 177
177 178
179 178
177 179
178 179
541 179
615 179
616 179
32 180
486 180
487 180
488 180
44 181
182 181
183 181
184 181
44 182
181 182
183 182
44 183
181 183
182 183
44 184
181 184
893 184
894 184
1056 184
1057 184
1058 184
1059 184
1271 184
1272 184
186 185
187 185
188 185
189 185
185 186
187 186
188 186
189 186
185 187
186 187
188 187
189 187
185 188
186 188
187 188
189 188
185 189
186 189
187 189
188 189
191 190
192 190
24 191
25 191
190 191
192 191
24 192
25 192
190 192
191 192
124 193
284 193
285 193
286 193
299 193
300 193
195 194
194 195
197 196
198 196
1360 196
1361 196
196 197
198 197
196 198
197 198
200 199
201 199
199 200
201 200
199 201
200 201
203 202
204 202
202 203
204 203
202 204
203 204
46 205
129 205
206 205
207 205
208 205
209 205
210 205
211 205
212 205
213 205
238 205
239 205
328 205
329 205
330 205
494 205
739 205
973 205
1337 205
46 206
205 206
207 206
238 206
239 206
46 207
205 207
206 207
208 207
209 207
213 207
238 207
239 207
973 207
205 208
207 208
209 208
210 208
211 208
213 208
326 208
453 208
659 208
1064 208
1187 208
1188 208
1279 208
1280 208
1281 208
1282 208
1434 208
1435 208
205 209
207 209
208 209
210 209
211 209
213 209
205 210
208 210
209 210
211 210
326 210
1064 210
205 211
208 211
209 211
210 211
453 211
129 212
205 212
205 213
207 213
208 213
209 213
973 213
91 214
93 214
143 214
144 214
494 214
495 214
216 215
215 216
1004 216
218 217
219 217
220 217
217 218
219 218
220 218
217 219
218 219
220 219
217 220
218 220
219 220
222 221
223 221
221 222
223 222
70 223
221 223
222 223
225 224
224 225
227 226
228 226
1381 226
1382 226
1383 226
1384 226
226 227
226 228
230 229
229 230
867 230
1398 230
1399 230
1400 230
232 231
233 231
234 231
416 231
491 231
1137 231
231 232
416 232
491 232
231 233
231 234
397 234
1046 234
1047 234
236 235
237 235
235 236
237 236
235 237
236 237
205 238
206 238
207 238
239 238
205 239
206 239
207 239
238 239
328 239
329 239
330 239
241 240
242 240
936 240
240 241
242 241
936 241
240 242
241 242
244 243
1083 243
1084 243
243 244
1083 244
1084 244
246 245
245 246
248 247
249 247
250 247
251 247
252 247
253 247
254 247
247 248
249 248
250 248
251 248
252 248
253 248
254 248
882 248
883 248
247 249
248 249
250 249
251 249
252 249
253 249
254 249
247 250
248 250
249 250
251 250
252 250
253 250
254 250
290 250
849 250
882 250
883 250
247 251
248 251
249 251
250 251
252 251
253 251
254 251
290 251
849 251
882 251
883 251
247 252
248 252
249 252
250 252
251 252
253 252
254 252
247 253
248 253
249 253
250 253
251 253
252 253
254 253
290 253
849 253
882 253
883 253
247 254
248 254
249 254
250 254
251 254
252 254
253 254
256 255
255 256
258 257
259 257
257 258
259 258
257 259
258 259
575 259
576 259
577 259
261 260
262 260
260 261
262 261
384 261
385 261
386 261
387 261
388 261
567 261
260 262
261 262
384 262
385 262
386 262
387 262
388 262
567 262
264 263
265 263
266 263
267 263
268 263
269 263
263 264
265 264
266 264
267 264
268 264
269 264
76 265
143 265
263 265
264 265
266 265
267 265
268 265
269 265
548 265
549 265
550 265
1007 265
1092 265
1234 265
1235 265
1236 265
1336 265
263 266
264 266
265 266
267 266
268 266
269 266
431 266
263 267
264 267
265 267
266 267
268 267
269 267
548 267
1336 267
263 268
264 268
265 268
266 268
267 268
269 268
263 269
264 269
265 269
266 269
267 269
268 269
271 270
272 270
273 270
270 271
272 271
270 272
271 272
273 272
270 273
272 273
275 274
276 274
274 275
276 275
274 276
275 276
278 277
696 277
697 277
698 277
870 277
871 277
1183 277
1259 277
1260 277
277 278
696 278
697 278
698 278
700 278
806 278
870 278
871 278
960 278
961 278
1183 278
1259 278
1260 278
1347 278
1348 278
1349 278
1350 278
1428 278
1429 278
1430 278
280 279
281 279
282 279
283 279
279 280
279 281
282 281
283 281
279 282
281 282
283 282
279 283
281 283
282 283
910 283
1379 283
143 284
144 284
154 284
193 284
285 284
286 284
287 284
299 284
300 284
443 284
605 284
606 284
193 285
284 285
286 285
287 285
1095 285
193 286
284 286
285 286
479 286
958 286
1301 286
1302 286
284 287
285 287
76 288
289 288
290 288
291 288
292 288
76 289
288 289
290 289
291 289
76 290
250 290
251 290
253 290
288 290
289 290
291 290
562 290
849 290
76 291
288 291
289 291
290 291
292 291
971 291
972 291
1425 291
76 292
288 292
291 292
354 292
470 292
471 292
473 292
67 293
94 293
295 294
294 295
297 296
298 296
296 297
298 297
1283 297
296 298
297 298
154 299
193 299
284 299
300 299
605 299
606 299
193 300
284 300
299 300
302 301
301 302
402 302
304 303
305 303
306 303
307 303
308 303
1176 303
303 304
305 304
306 304
1176 304
303 305
304 305
306 305
303 306
304 306
305 306
307 306
308 306
303 307
306 307
308 307
303 308
306 308
307 308
310 309
311 309
312 309
29 310
309 310
311 310
312 310
385 310
398 310
399 310
568 310
835 310
1099 310
1289 310
1290 310
1291 310
1292 310
1293 310
309 311
310 311
312 311
385 311
398 311
1099 311
309 312
310 312
311 312
523 312
1275 312
144 313
314 313
1122 313
1123 313
1124 313
1125 313
144 314
313 314
316 315
317 315
318 315
315 316
317 316
318 316
315 317
316 317
318 317
315 318
316 318
317 318
320 319
319 320
599 320
1444 320
1445 320
1446 320
1447 320
322 321
323 321
324 321
321 322
323 322
324 322
321 323
322 323
324 323
321 324
322 324
323 324
326 325
327 325
654 325
208 326
210 326
325 326
327 326
659 326
1064 326
1279 326
1280 326
1281 326
1282 326
325 327
326 327
205 328
239 328
329 328
330 328
205 329
239 329
328 329
330 329
494 329
739 329
205 330
239 330
328 330
329 330
332 331
333 331
334 331
335 331
336 331
331 332
333 332
334 332
335 332
336 332
331 333
332 333
334 333
335 333
336 333
651 333
331 334
332 334
333 334
335 334
336 334
331 335
332 335
333 335
334 335
336 335
331 336
332 336
333 336
334 336
335 336
338 337
339 337
337 338
339 338
337 339
338 339
341 340
342 340
343 340
344 340
340 341
342 341
343 341
344 341
340 342
341 342
340 343
341 343
344 343
340 344
341 344
343 344
60 345
346 345
347 345
348 345
755 345
756 345
757 345
1001 345
1241 345
1242 345
1243 345
1244 345
345 346
345 347
348 347
345 348
347 348
350 349
351 349
349 350
351 350
349 351
350 351
24 352
25 352
76 353
354 353
76 354
292 354
353 354
712 354
812 354
813 354
356 355
357 355
355 356
357 356
355 357
356 357
32 358
359 358
360 358
361 358
1170 358
1197 358
32 359
358 359
360 359
361 359
1170 359
1197 359
32 360
358 360
359 360
361 360
1170 360
1197 360
1239 360
1240 360
358 361
359 361
360 361
363 362
364 362
362 363
364 363
362 364
363 364
366 365
367 365
365 366
367 366
365 367
366 367
369 368
370 368
371 368
372 368
373 368
374 368
375 368
368 369
370 369
371 369
372 369
373 369
374 369
375 369
368 370
369 370
371 370
372 370
373 370
374 370
375 370
368 371
369 371
370 371
372 371
373 371
374 371
375 371
368 372
369 372
370 372
371 372
373 372
374 372
375 372
368 373
369 373
370 373
371 373
372 373
374 373
375 373
368 374
369 374
370 374
371 374
372 374
373 374
375 374
368 375
369 375
370 375
371 375
372 375
373 375
374 375
377 376
378 376
379 376
376 377
378 377
379 377
376 378
377 378
379 378
376 379
377 379
378 379
381 380
382 380
383 380
380 381
382 381
383 381
380 382
381 382
383 382
380 383
381 383
382 383
261 384
262 384
385 384
386 384
387 384
388 384
29 385
261 385
262 385
310 385
311 385
384 385
386 385
387 385
388 385
398 385
399 385
835 385
261 386
262 386
384 386
385 386
387 386
388 386
567 386
261 387
262 387
384 387
385 387
386 387
388 387
261 388
262 388
384 388
385 388
386 388
387 388
158 389
391 390
392 390
393 390
394 390
395 390
390 391
392 391
393 391
394 391
390 392
391 392
393 392
394 392
395 392
390 393
391 393
392 393
394 393
390 394
391 394
392 394
393 394
395 394
390 395
392 395
394 395
397 396
234 397
396 397
862 397
1046 397
1047 397
1140 397
1141 397
310 398
311 398
385 398
568 398
1289 398
1290 398
1291 398
1292 398
1293 398
310 399
385 399
401 400
400 401
302 402
404 403
405 403
403 404
405 404
403 405
404 405
407 406
408 406
406 407
408 407
406 408
407 408
44 409
410 409
1252 409
1253 409
409 410
412 411
413 411
411 412
411 413
415 414
414 415
231 416
232 416
418 417
419 417
417 418
419 418
417 419
418 419
112 420
421 420
422 420
420 421
112 422
420 422
424 423
70 424
423 424
640 424
641 424
694 424
695 424
426 425
425 426
661 426
428 427
429 427
430 427
427 428
429 428
430 428
427 429
428 429
430 429
427 430
428 430
429 430
266 431
433 432
434 432
435 432
436 432
437 432
438 432
439 432
432 433
434 433
435 433
436 433
437 433
438 433
439 433
432 434
433 434
435 434
436 434
437 434
438 434
439 434
432 435
433 435
434 435
436 435
437 435
438 435
439 435
432 436
433 436
434 436
435 436
437 436
438 436
439 436
432 437
433 437
434 437
435 437
436 437
438 437
439 437
432 438
433 438
434 438
435 438
436 438
437 438
439 438
432 439
433 439
434 439
435 439
436 439
437 439
438 439
441 440
442 440
443 440
440 441
442 441
443 441
440 442
441 442
443 442
284 443
440 443
441 443
442 443
605 443
32 444
445 444
446 444
444 445
446 445
444 446
445 446
448 447
449 447
450 447
451 447
447 448
449 448
450 448
451 448
447 449
448 449
450 449
451 449
447 450
448 450
449 450
451 450
447 451
448 451
449 451
450 451
453 452
454 452
921 452
1015 452
208 453
211 453
452 453
454 453
921 453
922 453
1015 453
1016 453
452 454
453 454
456 455
457 455
458 455
455 456
455 457
458 457
455 458
457 458
878 458
460 459
461 459
462 459
459 460
461 460
462 460
459 461
460 461
462 461
1142 461
1143 461
1157 461
1158 461
459 462
460 462
461 462
978 462
1151 462
1152 462
1153 462
1154 462
1340 462
464 463
463 464
32 465
467 466
466 467
32 468
52 468
469 468
32 469
52 469
468 469
76 470
292 470
471 470
472 470
473 470
292 471
470 471
470 472
292 473
470 473
475 474
476 474
474 475
476 475
474 476
475 476
732 476
733 476
1294 476
1295 476
478 477
477 478
286 479
143 480
481 480
482 480
483 480
1128 480
480 481
482 481
480 482
481 482
483 482
480 483
482 483
485 484
484 485
32 486
180 486
487 486
488 486
32 487
180 487
486 487
488 487
32 488
180 488
486 488
487 488
490 489
489 490
231 491
232 491
493 492
494 492
495 492
492 493
494 493
495 493
639 493
143 494
144 494
205 494
214 494
329 494
492 494
493 494
495 494
639 494
739 494
1011 494
1012 494
1013 494
1014 494
120 495
143 495
144 495
145 495
214 495
492 495
493 495
494 495
901 495
902 495
1233 495
1345 495
497 496
496 497
499 498
498 499
74 500
501 500
502 500
503 500
504 500
505 500
1270 500
1461 500
500 501
502 501
503 501
504 501
696 501
700 501
1247 501
500 502
501 502
503 502
504 502
1217 502
500 503
501 503
502 503
504 503
500 504
501 504
502 504
503 504
500 505
507 506
506 507
509 508
510 508
511 508
1409 508
1410 508
1411 508
508 509
510 509
511 509
1409 509
1410 509
1411 509
508 510
509 510
511 510
1409 510
1410 510
1411 510
508 511
509 511
510 511
513 512
512 513
515 514
516 514
517 514
518 514
519 514
652 514
653 514
514 515
516 515
514 516
515 516
652 516
653 516
514 517
518 517
519 517
514 518
517 518
519 518
514 519
517 519
518 519
521 520
520 521
523 522
53 523
54 523
312 523
522 523
1146 523
1275 523
115 524
525 524
526 524
115 525
524 525
526 525
115 526
524 526
525 526
962 526
528 527
529 527
527 528
529 528
527 529
528 529
531 530
532 530
530 531
532 531
530 532
531 532
534 533
533 534
32 535
33 535
51 535
52 535
125 535
126 535
127 535
536 535
32 536
33 536
51 536
52 536
125 536
126 536
127 536
535 536
80 537
538 537
539 537
540 537
537 538
539 538
540 538
537 539
538 539
540 539
537 540
538 540
539 540
179 541
615 541
616 541
543 542
542 543
545 544
544 545
547 546
546 547
265 548
267 548
549 548
550 548
265 549
548 549
265 550
548 550
552 551
551 552
554 553
555 553
553 554
555 554
553 555
554 555
557 556
556 557
129 558
559 558
560 558
129 559
558 559
560 559
129 560
558 560
559 560
686 560
562 561
563 561
564 561
1093 561
1094 561
290 562
561 562
563 562
564 562
1093 562
1094 562
561 563
562 563
564 563
1093 563
1094 563
561 564
562 564
563 564
566 565
565 566
261 567
262 567
386 567
44 568
310 568
398 568
570 569
740 569
741 569
569 570
572 571
571 572
574 573
573 574
259 575
576 575
577 575
259 576
575 576
577 576
259 577
575 577
576 577
43 578
579 578
580 578
581 578
43 579
578 579
43 580
578 580
581 580
43 581
578 581
580 581
583 582
582 583
585 584
584 585
587 586
588 586
586 587
588 587
586 588
587 588
590 589
589 590
592 591
591 592
594 593
595 593
596 593
593 594
595 594
596 594
593 595
594 595
596 595
593 596
594 596
595 596
598 597
599 597
597 598
599 598
1453 598
320 599
597 599
598 599
734 599
735 599
1444 599
1445 599
1446 599
1447 599
1448 599
1453 599
601 600
600 601
603 602
604 602
602 603
604 603
602 604
603 604
154 605
284 605
299 605
443 605
606 605
607 605
154 606
284 606
299 606
605 606
605 607
76 608
610 609
673 609
674 609
609 610
1314 611
1315 611
1316 611
1317 611
1318 611
1319 611
1320 611
1321 611
1322 611
1323 611
1324 611
1325 611
1326 611
1327 611
1328 611
1329 611
1330 611
1331 611
1332 611
76 612
801 612
614 613
613 614
179 615
541 615
616 615
179 616
541 616
615 616
33 617
618 617
619 617
620 617
621 617
622 617
834 617
617 618
619 618
620 618
33 619
53 619
54 619
617 619
618 619
620 619
621 619
622 619
727 619
809 619
810 619
811 619
834 619
1051 619
33 620
617 620
618 620
619 620
621 620
622 620
834 620
617 621
619 621
620 621
33 622
617 622
619 622
620 622
727 622
1051 622
624 623
625 623
626 623
623 624
625 624
626 624
623 625
624 625
626 625
623 626
624 626
625 626
628 627
629 627
630 627
631 627
642 627
742 627
743 627
744 627
627 628
629 628
630 628
631 628
642 628
627 629
628 629
630 629
631 629
627 630
628 630
629 630
631 630
627 631
628 631
629 631
630 631
633 632
632 633
635 634
636 634
634 635
681 635
634 636
638 637
637 638
493 639
494 639
424 640
641 640
424 641
640 641
1431 641
1432 641
1433 641
627 642
628 642
644 643
645 643
643 644
645 644
643 645
644 645
647 646
648 646
649 646
646 647
648 647
649 647
646 648
647 648
649 648
646 649
647 649
648 649
55 650
333 651
514 652
516 652
653 652
514 653
516 653
652 653
325 654
656 655
657 655
658 655
659 655
660 655
655 656
657 656
658 656
659 656
660 656
655 657
656 657
658 657
659 657
660 657
675 657
676 657
677 657
678 657
655 658
656 658
657 658
659 658
660 658
208 659
326 659
655 659
656 659
657 659
658 659
660 659
1064 659
1279 659
1280 659
1281 659
1282 659
655 660
656 660
657 660
658 660
659 660
426 661
93 662
663 662
664 662
93 663
662 663
664 663
93 664
662 664
663 664
666 665
667 665
668 665
665 666
667 666
668 666
665 667
666 667
668 667
665 668
666 668
667 668
91 669
93 669
94 669
96 669
67 670
69 670
70 670
94 670
671 670
67 671
94 671
670 671
85 672
86 672
609 673
674 673
609 674
673 674
657 675
676 675
677 675
678 675
657 676
675 676
677 676
678 676
657 677
675 677
676 677
678 677
657 678
675 678
676 678
677 678
680 679
705 679
706 679
679 680
635 681
1238 681
1339 681
683 682
684 682
685 682
682 683
684 683
685 683
682 684
683 684
685 684
682 685
683 685
684 685
129 686
560 686
688 687
687 688
690 689
691 689
689 690
691 690
689 691
690 691
69 692
693 692
69 693
692 693
70 694
424 694
424 695
277 696
278 696
501 696
697 696
698 696
699 696
700 696
870 696
871 696
1183 696
1247 696
277 697
278 697
696 697
698 697
870 697
871 697
1183 697
277 698
278 698
696 698
697 698
1183 698
1184 698
1185 698
1186 698
696 699
278 700
501 700
696 700
960 700
961 700
1247 700
702 701
701 702
704 703
703 704
679 705
706 705
679 706
705 706
708 707
707 708
33 709
76 709
710 709
711 709
712 709
713 709
714 709
715 709
716 709
717 709
718 709
728 709
833 709
1045 709
67 710
70 710
709 710
711 710
914 710
67 711
70 711
709 711
710 711
914 711
76 712
354 712
709 712
33 713
709 713
33 714
709 714
715 714
716 714
717 714
718 714
727 714
728 714
729 714
833 714
33 715
709 715
714 715
716 715
33 716
709 716
714 716
715 716
115 717
709 717
714 717
718 717
728 717
833 717
1162 717
115 718
709 718
714 718
717 718
728 718
833 718
1162 718
720 719
721 719
722 719
719 720
721 720
722 720
719 721
720 721
722 721
719 722
720 722
721 722
119 723
120 723
724 723
725 723
726 723
119 724
120 724
723 724
725 724
726 724
119 725
120 725
723 725
724 725
726 725
119 726
120 726
723 726
724 726
725 726
619 727
622 727
714 727
728 727
729 727
1051 727
709 728
714 728
717 728
718 728
727 728
729 728
833 728
714 729
727 729
728 729
731 730
730 731
476 732
733 732
476 733
732 733
599 734
735 734
1448 734
599 735
734 735
737 736
738 736
736 737
738 737
736 738
737 738
205 739
329 739
494 739
569 740
741 740
569 741
740 741
627 742
743 742
744 742
627 743
742 743
744 743
627 744
742 744
743 744
62 745
746 745
747 745
748 745
62 746
745 746
747 746
748 746
62 747
745 747
746 747
748 747
62 748
745 748
746 748
747 748
750 749
751 749
752 749
753 749
754 749
749 750
751 750
752 750
753 750
754 750
749 751
750 751
752 751
753 751
754 751
749 752
750 752
751 752
753 752
754 752
749 753
750 753
751 753
752 753
754 753
749 754
750 754
751 754
752 754
753 754
60 755
345 755
756 755
757 755
758 755
1000 755
1001 755
1002 755
1003 755
60 756
345 756
755 756
757 756
758 756
950 756
1000 756
1001 756
1002 756
1003 756
60 757
345 757
755 757
756 757
758 757
1000 757
1001 757
1002 757
1003 757
60 758
755 758
756 758
757 758
760 759
759 760
762 761
761 762
764 763
765 763
763 764
765 764
763 765
764 765
767 766
766 767
769 768
768 769
1087 769
771 770
772 770
773 770
770 771
772 771
773 771
770 772
771 772
773 772
770 773
771 773
772 773
775 774
776 774
777 774
778 774
779 774
780 774
781 774
782 774
783 774
774 775
776 775
777 775
778 775
779 775
780 775
781 775
782 775
783 775
774 776
775 776
777 776
778 776
779 776
780 776
781 776
782 776
783 776
774 777
775 777
776 777
778 777
779 777
780 777
781 777
782 777
783 777
774 778
775 778
776 778
777 778
779 778
780 778
781 778
782 778
783 778
774 779
775 779
776 779
777 779
778 779
780 779
781 779
782 779
783 779
774 780
775 780
776 780
777 780
778 780
779 780
781 780
782 780
783 780
774 781
775 781
776 781
777 781
778 781
779 781
780 781
782 781
783 781
774 782
775 782
776 782
777 782
778 782
779 782
780 782
781 782
783 782
774 783
775 783
776 783
777 783
778 783
779 783
780 783
781 783
782 783
785 784
786 784
784 785
786 785
784 786
785 786
32 787
33 787
52 787
29 788
32 788
33 788
52 788
1100 788
1101 788
790 789
791 789
789 790
791 790
789 791
790 791
1179 791
1180 791
1181 791
1182 791
1412 791
793 792
794 792
795 792
792 793
794 793
795 793
792 794
793 794
795 794
792 795
793 795
794 795
797 796
796 797
799 798
800 798
798 799
800 799
798 800
799 800
76 801
612 801
803 802
804 802
802 803
804 803
802 804
803 804
102 805
278 806
807 806
808 806
1347 806
1348 806
1349 806
1350 806
806 807
808 807
806 808
807 808
619 809
810 809
619 810
809 810
33 811
619 811
354 812
813 812
354 813
812 813
815 814
816 814
817 814
818 814
814 815
816 815
817 815
818 815
814 816
815 816
817 816
818 816
1175 816
814 817
815 817
816 817
818 817
814 818
815 818
816 818
817 818
820 819
821 819
822 819
823 819
819 820
821 820
822 820
823 820
819 821
820 821
822 821
823 821
819 822
820 822
821 822
823 822
819 823
820 823
821 823
822 823
1232 824
826 825
827 825
825 826
827 826
825 827
826 827
829 828
828 829
831 830
832 830
830 831
832 831
830 832
831 832
709 833
714 833
717 833
718 833
728 833
53 834
54 834
617 834
619 834
620 834
29 835
310 835
385 835
837 836
838 836
839 836
840 836
836 837
838 837
839 837
840 837
836 838
837 838
839 838
840 838
836 839
837 839
838 839
840 839
836 840
837 840
838 840
839 840
842 841
843 841
1214 841
841 842
843 842
841 843
842 843
845 844
846 844
844 845
846 845
844 846
845 846
848 847
847 848
250 849
251 849
253 849
290 849
851 850
852 850
850 851
852 851
850 852
851 852
854 853
855 853
856 853
857 853
858 853
853 854
855 854
856 854
857 854
858 854
936 854
1110 854
1111 854
1112 854
1113 854
1114 854
1115 854
1116 854
1117 854
853 855
854 855
856 855
857 855
858 855
1110 855
1115 855
1116 855
1117 855
853 856
854 856
855 856
857 856
858 856
1110 856
1115 856
1116 856
1117 856
853 857
854 857
855 857
856 857
858 857
936 857
1110 857
1111 857
1112 857
1113 857
1114 857
1115 857
1116 857
1117 857
1163 857
1164 857
853 858
854 858
855 858
856 858
857 858
162 859
861 860
860 861
397 862
864 863
865 863
863 864
865 864
863 865
864 865
168 866
230 867
1398 867
1399 867
1400 867
869 868
868 869
1303 869
277 870
278 870
696 870
697 870
871 870
872 870
1089 870
1090 870
1247 870
1259 870
1260 870
277 871
278 871
696 871
697 871
870 871
1259 871
1260 871
870 872
53 873
54 873
111 874
875 874
876 874
877 874
111 875
874 875
876 875
877 875
111 876
874 876
875 876
877 876
111 877
874 877
875 877
876 877
458 878
880 879
881 879
879 880
881 880
879 881
880 881
248 882
250 882
251 882
253 882
883 882
248 883
250 883
251 883
253 883
882 883
2 884
886 885
1177 885
1178 885
885 886
888 887
887 888
890 889
891 889
892 889
889 890
891 890
892 890
889 891
890 891
892 891
889 892
890 892
891 892
184 893
894 893
184 894
893 894
1056 894
1057 894
1058 894
1059 894
896 895
897 895
895 896
897 896
895 897
896 897
899 898
900 898
898 899
900 899
898 900
899 900
144 901
495 901
902 901
144 902
495 902
901 902
904 903
905 903
906 903
907 903
908 903
903 904
905 904
906 904
907 904
908 904
903 905
904 905
906 905
907 905
908 905
903 906
904 906
905 906
907 906
908 906
903 907
904 907
905 907
906 907
908 907
903 908
904 908
905 908
906 908
907 908
910 909
283 910
909 910
926 910
937 910
938 910
939 910
912 911
913 911
911 912
913 912
86 913
911 913
912 913
1050 913
67 914
70 914
710 914
711 914
916 915
915 916
918 917
919 917
917 918
919 918
917 919
918 919
921 920
922 920
923 920
452 921
453 921
920 921
922 921
923 921
1015 921
1016 921
453 922
920 922
921 922
1016 922
920 923
921 923
925 924
924 925
910 926
86 927
929 928
928 929
931 930
932 930
933 930
934 930
930 931
932 931
933 931
934 931
930 932
931 932
933 932
934 932
930 933
931 933
932 933
934 933
930 934
931 934
932 934
933 934
936 935
240 936
241 936
854 936
857 936
935 936
1110 936
1111 936
1112 936
1113 936
1114 936
1385 936
1394 936
910 937
938 937
939 937
910 938
937 938
939 938
910 939
937 939
938 939
76 940
942 941
941 942
32 943
49 943
945 944
944 945
977 945
947 946
946 947
949 948
948 949
60 950
756 950
1001 950
952 951
1203 951
1204 951
1205 951
1206 951
951 952
1200 952
1201 952
1202 952
1203 952
1204 952
1205 952
1206 952
120 953
121 953
954 953
955 953
120 954
121 954
953 954
955 954
120 955
121 955
953 955
954 955
51 956
957 956
51 957
956 957
286 958
959 958
1301 958
1302 958
958 959
278 960
700 960
961 960
278 961
700 961
960 961
115 962
526 962
964 963
963 964
966 965
965 966
968 967
969 967
970 967
967 968
967 969
970 969
967 970
969 970
291 971
972 971
291 972
971 972
205 973
207 973
213 973
975 974
976 974
974 975
976 975
974 976
975 976
945 977
462 978
13 979
980 979
981 979
982 979
13 980
979 980
981 980
982 980
13 981
979 981
980 981
982 981
13 982
979 982
980 982
981 982
984 983
983 984
986 985
987 985
988 985
989 985
985 986
985 987
988 987
989 987
985 988
987 988
989 988
985 989
987 989
988 989
991 990
992 990
993 990
994 990
995 990
996 990
997 990
998 990
999 990
1297 990
990 991
992 991
993 991
994 991
995 991
996 991
997 991
998 991
999 991
990 992
991 992
993 992
994 992
995 992
996 992
997 992
998 992
999 992
990 993
991 993
992 993
994 993
995 993
996 993
997 993
998 993
999 993
990 994
991 994
992 994
993 994
995 994
996 994
997 994
998 994
999 994
990 995
991 995
992 995
993 995
994 995
996 995
997 995
998 995
999 995
990 996
991 996
992 996
993 996
994 996
995 996
997 996
998 996
999 996
990 997
991 997
992 997
993 997
994 997
995 997
996 997
998 997
999 997
990 998
991 998
992 998
993 998
994 998
995 998
996 998
997 998
999 998
990 999
991 999
992 999
993 999
994 999
995 999
996 999
997 999
998 999
60 1000
755 1000
756 1000
757 1000
1001 1000
1002 1000
1003 1000
60 1001
345 1001
755 1001
756 1001
757 1001
950 1001
1000 1001
1002 1001
1003 1001
60 1002
755 1002
756 1002
757 1002
1000 1002
1001 1002
1003 1002
60 1003
755 1003
756 1003
757 1003
1000 1003
1001 1003
1002 1003
216 1004
1006 1005
1005 1006
265 1007
67 1008
1009 1008
67 1009
1008 1009
1 1010
2 1010
494 1011
1012 1011
494 1012
1011 1012
1013 1012
1014 1012
144 1013
494 1013
1012 1013
494 1014
1012 1014
452 1015
453 1015
921 1015
453 1016
921 1016
922 1016
1018 1017
1019 1017
1020 1017
1017 1018
1019 1018
1020 1018
1017 1019
1018 1019
1020 1019
1017 1020
1018 1020
1019 1020
1022 1021
1023 1021
1021 1022
1023 1022
1021 1023
1022 1023
1025 1024
1026 1024
1024 1025
1026 1025
1024 1026
1025 1026
1028 1027
1029 1027
1030 1027
1031 1027
1032 1027
1033 1027
1034 1027
1035 1027
1027 1028
1029 1028
1030 1028
1031 1028
1032 1028
1033 1028
1034 1028
1035 1028
1027 1029
1028 1029
1030 1029
1031 1029
1032 1029
1033 1029
1034 1029
1035 1029
1248 1029
1249 1029
1296 1029
1027 1030
1028 1030
1029 1030
1031 1030
1032 1030
1033 1030
1034 1030
1035 1030
1027 1031
1028 1031
1029 1031
1030 1031
1032 1031
1033 1031
1034 1031
1035 1031
1027 1032
1028 1032
1029 1032
1030 1032
1031 1032
1033 1032
1034 1032
1035 1032
1027 1033
1028 1033
1029 1033
1030 1033
1031 1033
1032 1033
1034 1033
1035 1033
1027 1034
1028 1034
1029 1034
1030 1034
1031 1034
1032 1034
1033 1034
1035 1034
1027 1035
1028 1035
1029 1035
1030 1035
1031 1035
1032 1035
1033 1035
1034 1035
1037 1036
1036 1037
1039 1038
1040 1038
1041 1038
1042 1038
1038 1039
1040 1039
1041 1039
1042 1039
1038 1040
1039 1040
1041 1040
1042 1040
1038 1041
1039 1041
1040 1041
1042 1041
1038 1042
1039 1042
1040 1042
1041 1042
1395 1042
1396 1042
1397 1042
76 1043
1044 1043
76 1044
1043 1044
76 1045
709 1045
234 1046
397 1046
1047 1046
234 1047
397 1047
1046 1047
1049 1048
1048 1049
913 1050
33 1051
619 1051
622 1051
727 1051
1053 1052
1052 1053
1055 1054
1054 1055
184 1056
894 1056
1057 1056
1058 1056
1059 1056
184 1057
894 1057
1056 1057
1058 1057
184 1058
894 1058
1056 1058
1057 1058
184 1059
894 1059
1056 1059
1061 1060
1060 1061
1063 1062
1062 1063
1371 1063
1372 1063
208 1064
210 1064
326 1064
659 1064
1187 1064
1188 1064
1279 1064
1280 1064
1281 1064
1282 1064
1434 1064
1435 1064
1066 1065
1067 1065
1068 1065
1069 1065
1065 1066
1067 1066
1068 1066
1069 1066
1065 1067
1066 1067
1068 1067
1069 1067
1065 1068
1066 1068
1067 1068
1069 1068
1065 1069
1066 1069
1067 1069
1068 1069
1071 1070
1072 1070
1073 1070
1074 1070
1075 1070
1076 1070
1077 1070
1078 1070
1070 1071
1072 1071
1073 1071
1074 1071
1075 1071
1076 1071
1077 1071
1078 1071
1070 1072
1071 1072
1073 1072
1074 1072
1075 1072
1076 1072
1077 1072
1078 1072
1070 1073
1071 1073
1072 1073
1074 1073
1075 1073
1076 1073
1077 1073
1078 1073
1070 1074
1071 1074
1072 1074
1073 1074
1075 1074
1076 1074
1077 1074
1078 1074
1070 1075
1071 1075
1072 1075
1073 1075
1074 1075
1076 1075
1077 1075
1078 1075
1070 1076
1071 1076
1072 1076
1073 1076
1074 1076
1075 1076
1077 1076
1078 1076
1070 1077
1071 1077
1072 1077
1073 1077
1074 1077
1075 1077
1076 1077
1078 1077
1070 1078
1071 1078
1072 1078
1073 1078
1074 1078
1075 1078
1076 1078
1077 1078
109 1079
176 1079
1080 1079
1298 1079
1299 1079
1300 1079
109 1080
1079 1080
1082 1081
1081 1082
243 1083
244 1083
1084 1083
243 1084
244 1084
1083 1084
1086 1085
1085 1086
769 1087
76 1088
870 1089
1090 1089
870 1090
1089 1090
93 1091
143 1091
143 1092
265 1092
1234 1092
561 1093
562 1093
563 1093
1094 1093
561 1094
562 1094
563 1094
1093 1094
285 1095
1097 1096
1098 1096
1096 1097
1098 1097
1096 1098
1097 1098
310 1099
311 1099
32 1100
33 1100
52 1100
788 1100
1101 1100
32 1101
33 1101
52 1101
788 1101
1100 1101
1103 1102
1102 1103
76 1104
1105 1104
1106 1104
76 1105
1104 1105
1106 1105
76 1106
1104 1106
1105 1106
1108 1107
1109 1107
1107 1108
1109 1108
1107 1109
1108 1109
854 1110
855 1110
856 1110
857 1110
936 1110
1111 1110
1112 1110
1113 1110
1114 1110
1115 1110
1116 1110
1117 1110
1163 1110
1164 1110
854 1111
857 1111
936 1111
1110 1111
1112 1111
1113 1111
1114 1111
854 1112
857 1112
936 1112
1110 1112
1111 1112
1113 1112
1114 1112
854 1113
857 1113
936 1113
1110 1113
1111 1113
1112 1113
1114 1113
854 1114
857 1114
936 1114
1110 1114
1111 1114
1112 1114
1113 1114
854 1115
855 1115
856 1115
857 1115
1110 1115
1116 1115
1117 1115
854 1116
855 1116
856 1116
857 1116
1110 1116
1115 1116
1117 1116
854 1117
855 1117
856 1117
857 1117
1110 1117
1115 1117
1116 1117
1119 1118
1120 1118
1121 1118
1118 1119
1120 1119
1121 1119
1118 1120
1119 1120
1121 1120
1118 1121
1119 1121
1120 1121
313 1122
1123 1122
1124 1122
1125 1122
313 1123
1122 1123
1124 1123
1125 1123
313 1124
1122 1124
1123 1124
1125 1124
313 1125
1122 1125
1123 1125
1124 1125
1127 1126
1126 1127
143 1128
480 1128
1130 1129
1131 1129
1129 1130
1131 1130
1129 1131
1130 1131
1133 1132
1134 1132
1237 1132
1132 1133
1132 1134
32 1135
52 1135
125 1135
1136 1135
32 1136
52 1136
125 1136
1135 1136
231 1137
1139 1138
1138 1139
397 1140
1141 1140
397 1141
1140 1141
461 1142
1143 1142
461 1143
1142 1143
1145 1144
1144 1145
523 1146
1148 1147
1147 1148
1150 1149
1149 1150
462 1151
1152 1151
1153 1151
1154 1151
462 1152
1151 1152
1153 1152
1154 1152
462 1153
1151 1153
1152 1153
1154 1153
462 1154
1151 1154
1152 1154
1153 1154
1156 1155
1155 1156
461 1157
1158 1157
461 1158
1157 1158
1160 1159
1161 1159
1159 1160
1161 1160
1159 1161
1160 1161
115 1162
717 1162
718 1162
857 1163
1110 1163
1164 1163
857 1164
1110 1164
1163 1164
1166 1165
1165 1166
1168 1167
1169 1167
1167 1168
1169 1168
1167 1169
1168 1169
358 1170
359 1170
360 1170
1172 1171
1173 1171
1174 1171
1171 1172
1173 1172
1174 1172
1171 1173
1172 1173
1174 1173
1171 1174
1172 1174
1173 1174
816 1175
303 1176
304 1176
885 1177
1178 1177
885 1178
1177 1178
791 1179
1180 1179
1181 1179
1182 1179
791 1180
1179 1180
1181 1180
1182 1180
791 1181
1179 1181
1180 1181
1182 1181
791 1182
1179 1182
1180 1182
1181 1182
277 1183
278 1183
696 1183
697 1183
698 1183
698 1184
1185 1184
1186 1184
698 1185
1184 1185
1186 1185
698 1186
1184 1186
1185 1186
208 1187
1064 1187
1188 1187
208 1188
1064 1188
1187 1188
1190 1189
1191 1189
1192 1189
1193 1189
1255 1189
1256 1189
1257 1189
1258 1189
1189 1190
1191 1190
1192 1190
1193 1190
1189 1191
1190 1191
1192 1191
1193 1191
1189 1192
1190 1192
1191 1192
1193 1192
1189 1193
1190 1193
1191 1193
1192 1193
1195 1194
1196 1194
1194 1195
1196 1195
1194 1196
1195 1196
1268 1196
1269 1196
32 1197
358 1197
359 1197
360 1197
1199 1198
1198 1199
952 1200
1201 1200
952 1201
1200 1201
952 1202
951 1203
952 1203
1204 1203
1205 1203
1206 1203
951 1204
952 1204
1203 1204
1205 1204
1206 1204
951 1205
952 1205
1203 1205
1204 1205
1206 1205
951 1206
952 1206
1203 1206
1204 1206
1205 1206
1208 1207
1207 1208
1210 1209
1211 1209
1212 1209
1213 1209
1209 1210
1211 1210
1212 1210
1213 1210
1209 1211
1210 1211
1212 1211
1213 1211
51 1212
1209 1212
1210 1212
1211 1212
1213 1212
1351 1212
1352 1212
1353 1212
1209 1213
1210 1213
1211 1213
1212 1213
841 1214
1216 1215
1215 1216
502 1217
1219 1218
1220 1218
1218 1219
1220 1219
1218 1220
1219 1220
1222 1221
1221 1222
1224 1223
1223 1224
1226 1225
1227 1225
1225 1226
1227 1226
1225 1227
1226 1227
1229 1228
1230 1228
1231 1228
1228 1229
1230 1229
1231 1229
1304 1229
1228 1230
1229 1230
1231 1230
1228 1231
1229 1231
1230 1231
824 1232
495 1233
143 1234
265 1234
1092 1234
265 1235
1236 1235
265 1236
1235 1236
1132 1237
681 1238
360 1239
1240 1239
360 1240
1239 1240
345 1241
1242 1241
1243 1241
1244 1241
345 1242
1241 1242
1243 1242
1244 1242
345 1243
1241 1243
1242 1243
1244 1243
345 1244
1241 1244
1242 1244
1243 1244
1246 1245
1245 1246
501 1247
696 1247
700 1247
870 1247
1248 1247
1249 1247
1250 1247
1029 1248
1247 1248
1249 1248
1296 1248
1029 1249
1247 1249
1248 1249
1296 1249
1247 1250
1338 1251
44 1252
409 1252
1253 1252
44 1253
409 1253
1252 1253
44 1254
1189 1255
1256 1255
1257 1255
1258 1255
1189 1256
1255 1256
1257 1256
1258 1256
1189 1257
1255 1257
1256 1257
1258 1257
1189 1258
1255 1258
1256 1258
1257 1258
277 1259
278 1259
870 1259
871 1259
1260 1259
277 1260
278 1260
870 1260
871 1260
1259 1260
1262 1261
1261 1262
1264 1263
1263 1264
1266 1265
1267 1265
1265 1266
1267 1266
1265 1267
1266 1267
1196 1268
1269 1268
1196 1269
1268 1269
74 1270
500 1270
184 1271
1272 1271
184 1272
1271 1272
1274 1273
1273 1274
312 1275
523 1275
1277 1276
1278 1276
1276 1277
1278 1277
1276 1278
1277 1278
208 1279
326 1279
659 1279
1064 1279
1280 1279
1281 1279
1282 1279
208 1280
326 1280
659 1280
1064 1280
1279 1280
1281 1280
1282 1280
208 1281
326 1281
659 1281
1064 1281
1279 1281
1280 1281
1282 1281
208 1282
326 1282
659 1282
1064 1282
1279 1282
1280 1282
1281 1282
297 1283
1285 1284
1286 1284
1287 1284
1288 1284
1284 1285
1286 1285
1287 1285
1288 1285
1284 1286
1285 1286
1287 1286
1288 1286
1284 1287
1285 1287
1286 1287
1288 1287
1284 1288
1285 1288
1286 1288
1287 1288
310 1289
398 1289
1290 1289
1291 1289
1292 1289
1293 1289
310 1290
398 1290
1289 1290
1291 1290
1292 1290
1293 1290
310 1291
398 1291
1289 1291
1290 1291
1292 1291
1293 1291
310 1292
398 1292
1289 1292
1290 1292
1291 1292
1293 1292
310 1293
398 1293
1289 1293
1290 1293
1291 1293
1292 1293
476 1294
1295 1294
476 1295
1294 1295
1029 1296
1248 1296
1249 1296
990 1297
176 1298
1079 1298
1299 1298
1300 1298
176 1299
1079 1299
1298 1299
1300 1299
176 1300
1079 1300
1298 1300
1299 1300
286 1301
958 1301
1302 1301
286 1302
958 1302
1301 1302
869 1303
1229 1304
1306 1305
1307 1305
1308 1305
1305 1306
1307 1306
1308 1306
1305 1307
1306 1307
1308 1307
1305 1308
1306 1308
1307 1308
10 1309
1310 1309
10 1310
1309 1310
1312 1311
1313 1311
1311 1312
1313 1312
1311 1313
1312 1313
611 1314
1315 1314
1316 1314
1317 1314
1318 1314
1319 1314
1320 1314
1321 1314
1322 1314
1323 1314
1324 1314
1325 1314
1326 1314
1327 1314
1328 1314
1329 1314
1330 1314
1331 1314
1332 1314
1333 1314
611 1315
1314 1315
1316 1315
1317 1315
1318 1315
1319 1315
1320 1315
1321 1315
1322 1315
1323 1315
1324 1315
1325 1315
1326 1315
1327 1315
1328 1315
1329 1315
1330 1315
1331 1315
1332 1315
1333 1315
611 1316
1314 1316
1315 1316
1317 1316
1318 1316
1319 1316
1320 1316
1321 1316
1322 1316
1323 1316
1324 1316
1325 1316
1326 1316
1327 1316
1328 1316
1329 1316
1330 1316
1331 1316
1332 1316
1333 1316
611 1317
1314 1317
1315 1317
1316 1317
1318 1317
1319 1317
1320 1317
1321 1317
1322 1317
1323 1317
1324 1317
1325 1317
1326 1317
1327 1317
1328 1317
1329 1317
1330 1317
1331 1317
1332 1317
611 1318
1314 1318
1315 1318
1316 1318
1317 1318
1319 1318
1320 1318
1321 1318
1322 1318
1323 1318
1324 1318
1325 1318
1326 1318
1327 1318
1328 1318
1329 1318
1330 1318
1331 1318
1332 1318
611 1319
1314 1319
1315 1319
1316 1319
1317 1319
1318 1319
1320 1319
1321 1319
1322 1319
1323 1319
1324 1319
1325 1319
1326 1319
1327 1319
1328 1319
1329 1319
1330 1319
1331 1319
1332 1319
611 1320
1314 1320
1315 1320
1316 1320
1317 1320
1318 1320
1319 1320
1321 1320
1322 1320
1323 1320
1324 1320
1325 1320
1326 1320
1327 1320
1328 1320
1329 1320
1330 1320
1331 1320
1332 1320
611 1321
1314 1321
1315 1321
1316 1321
1317 1321
1318 1321
1319 1321
1320 1321
1322 1321
1323 1321
1324 1321
1325 1321
1326 1321
1327 1321
1328 1321
1329 1321
1330 1321
1331 1321
1332 1321
611 1322
1314 1322
1315 1322
1316 1322
1317 1322
1318 1322
1319 1322
1320 1322
1321 1322
1323 1322
1324 1322
1325 1322
1326 1322
1327 1322
1328 1322
1329 1322
1330 1322
1331 1322
1332 1322
611 1323
1314 1323
1315 1323
1316 1323
1317 1323
1318 1323
1319 1323
1320 1323
1321 1323
1322 1323
1324 1323
1325 1323
1326 1323
1327 1323
1328 1323
1329 1323
1330 1323
1331 1323
1332 1323
611 1324
1314 1324
1315 1324
1316 1324
1317 1324
1318 1324
1319 1324
1320 1324
1321 1324
1322 1324
1323 1324
1325 1324
1326 1324
1327 1324
1328 1324
1329 1324
1330 1324
1331 1324
1332 1324
611 1325
1314 1325
1315 1325
1316 1325
1317 1325
1318 1325
1319 1325
1320 1325
1321 1325
1322 1325
1323 1325
1324 1325
1326 1325
1327 1325
1328 1325
1329 1325
1330 1325
1331 1325
1332 1325
611 1326
1314 1326
1315 1326
1316 1326
1317 1326
1318 1326
1319 1326
1320 1326
1321 1326
1322 1326
1323 1326
1324 1326
1325 1326
1327 1326
1328 1326
1329 1326
1330 1326
1331 1326
1332 1326
611 1327
1314 1327
1315 1327
1316 1327
1317 1327
1318 1327
1319 1327
1320 1327
1321 1327
1322 1327
1323 1327
1324 1327
1325 1327
1326 1327
1328 1327
1329 1327
1330 1327
1331 1327
1332 1327
611 1328
1314 1328
1315 1328
1316 1328
1317 1328
1318 1328
1319 1328
1320 1328
1321 1328
1322 1328
1323 1328
1324 1328
1325 1328
1326 1328
1327 1328
1329 1328
1330 1328
1331 1328
1332 1328
611 1329
1314 1329
1315 1329
1316 1329
1317 1329
1318 1329
1319 1329
1320 1329
1321 1329
1322 1329
1323 1329
1324 1329
1325 1329
1326 1329
1327 1329
1328 1329
1330 1329
1331 1329
1332 1329
611 1330
1314 1330
1315 1330
1316 1330
1317 1330
1318 1330
1319 1330
1320 1330
1321 1330
1322 1330
1323 1330
1324 1330
1325 1330
1326 1330
1327 1330
1328 1330
1329 1330
1331 1330
1332 1330
611 1331
1314 1331
1315 1331
1316 1331
1317 1331
1318 1331
1319 1331
1320 1331
1321 1331
1322 1331
1323 1331
1324 1331
1325 1331
1326 1331
1327 1331
1328 1331
1329 1331
1330 1331
1332 1331
611 1332
1314 1332
1315 1332
1316 1332
1317 1332
1318 1332
1319 1332
1320 1332
1321 1332
1322 1332
1323 1332
1324 1332
1325 1332
1326 1332
1327 1332
1328 1332
1329 1332
1330 1332
1331 1332
1314 1333
1315 1333
1316 1333
1335 1334
1334 1335
265 1336
267 1336
205 1337
1251 1338
681 1339
462 1340
1342 1341
1343 1341
1344 1341
1341 1342
1343 1342
1344 1342
1341 1343
1342 1343
1344 1343
1341 1344
1342 1344
1343 1344
120 1345
144 1345
495 1345
53 1346
54 1346
278 1347
806 1347
1348 1347
1349 1347
1350 1347
278 1348
806 1348
1347 1348
1349 1348
1350 1348
278 1349
806 1349
1347 1349
1348 1349
1350 1349
278 1350
806 1350
1347 1350
1348 1350
1349 1350
51 1351
1212 1351
1352 1351
1353 1351
51 1352
1212 1352
1351 1352
1353 1352
51 1353
1212 1353
1351 1353
1352 1353
1355 1354
1356 1354
1354 1355
1356 1355
1354 1356
1355 1356
1358 1357
1359 1357
1357 1358
1359 1358
1357 1359
1358 1359
196 1360
1361 1360
196 1361
1360 1361
1363 1362
1362 1363
93 1364
1365 1364
93 1365
1364 1365
1367 1366
1368 1366
1366 1367
1368 1367
1366 1368
1367 1368
1370 1369
1369 1370
1063 1371
1372 1371
1063 1372
1371 1372
1374 1373
1375 1373
1416 1373
1417 1373
1418 1373
1373 1374
1373 1375
1376 1375
1416 1375
1417 1375
1418 1375
1375 1376
1378 1377
1377 1378
283 1379
80 1380
226 1381
1382 1381
1383 1381
1384 1381
226 1382
1381 1382
1383 1382
1384 1382
226 1383
1381 1383
1382 1383
1384 1383
226 1384
1381 1384
1382 1384
1383 1384
936 1385
1386 1385
1387 1385
1388 1385
1389 1385
1390 1385
1394 1385
1385 1386
1387 1386
1388 1386
1389 1386
1390 1386
1385 1387
1386 1387
1388 1387
1389 1387
1390 1387
1385 1388
1386 1388
1387 1388
1389 1388
1390 1388
1385 1389
1386 1389
1387 1389
1388 1389
1390 1389
1385 1390
1386 1390
1387 1390
1388 1390
1389 1390
1392 1391
1393 1391
1391 1392
1393 1392
1391 1393
1392 1393
936 1394
1385 1394
1042 1395
1396 1395
1397 1395
1042 1396
1395 1396
1397 1396
1042 1397
1395 1397
1396 1397
230 1398
867 1398
1399 1398
1400 1398
230 1399
867 1399
1398 1399
1400 1399
230 1400
867 1400
1398 1400
1399 1400
1402 1401
1401 1402
1404 1403
1403 1404
32 1405
52 1405
1407 1406
1406 1407
10 1408
508 1409
509 1409
510 1409
1410 1409
1411 1409
508 1410
509 1410
510 1410
1409 1410
1411 1410
508 1411
509 1411
510 1411
1409 1411
1410 1411
791 1412
1414 1413
1415 1413
1413 1414
1415 1414
1413 1415
1414 1415
1373 1416
1375 1416
1417 1416
1418 1416
1373 1417
1375 1417
1416 1417
1418 1417
1373 1418
1375 1418
1416 1418
1417 1418
1420 1419
1419 1420
1422 1421
1423 1421
1424 1421
1421 1422
1423 1422
1424 1422
1421 1423
1422 1423
1424 1423
1421 1424
1422 1424
1423 1424
291 1425
32 1426
33 1426
52 1426
1427 1426
32 1427
33 1427
1426 1427
278 1428
1429 1428
1430 1428
278 1429
1428 1429
1430 1429
278 1430
1428 1430
1429 1430
641 1431
1432 1431
1433 1431
641 1432
1431 1432
1433 1432
641 1433
1431 1433
1432 1433
208 1434
1064 1434
1435 1434
208 1435
1064 1435
1434 1435
60 1436
61 1436
1437 1436
1438 1436
1439 1436
1440 1436
1441 1436
60 1437
61 1437
1436 1437
1438 1437
1439 1437
1440 1437
1441 1437
60 1438
61 1438
1436 1438
1437 1438
1439 1438
1440 1438
1441 1438
60 1439
61 1439
1436 1439
1437 1439
1438 1439
1440 1439
1441 1439
60 1440
61 1440
1436 1440
1437 1440
1438 1440
1439 1440
1441 1440
60 1441
61 1441
1436 1441
1437 1441
1438 1441
1439 1441
1440 1441
1443 1442
1442 1443
320 1444
599 1444
1445 1444
1446 1444
1447 1444
320 1445
599 1445
1444 1445
1446 1445
1447 1445
320 1446
599 1446
1444 1446
1445 1446
1447 1446
320 1447
599 1447
1444 1447
1445 1447
1446 1447
599 1448
734 1448
1450 1449
1451 1449
1452 1449
1449 1450
1451 1450
1452 1450
1449 1451
1450 1451
1452 1451
1449 1452
1450 1452
1451 1452
598 1453
599 1453
1455 1454
1454 1455
1457 1456
1456 1457
1459 1458
1460 1458
1458 1459
1458 1460
74 1461
500 1461
